// Силуэт РФ: Natural Earth 50m (публичный домен) + сшивка Чукотки по 180°,
// упрощение Дугласа-Пекера. lon > 180 — за антимеридианом (непрерывная развёртка)
const OUTLINE: [number, number][] = [
  [130.69,42.30], [130.42,42.73], [131.26,43.38], [130.98,44.84], [131.85,45.33], [133.11,45.13],
  [134.75,47.72], [134.67,48.25], [130.96,47.71], [130.55,48.86], [127.55,49.80], [126.05,52.74],
  [123.61,53.55], [120.09,52.79], [120.66,52.57], [120.68,51.97], [119.26,50.07], [117.87,49.51],
  [114.30,50.27], [110.71,49.14], [108.61,49.32], [106.71,50.31], [103.30,50.20], [102.29,50.59],
  [102.11,51.35], [98.89,52.12], [97.84,51.05], [98.25,50.30], [97.36,49.74], [94.61,50.02],
  [94.25,50.56], [92.35,50.86], [87.42,49.08], [86.68,49.78], [85.23,49.62], [83.36,50.99],
  [81.47,50.74], [80.74,51.29], [79.99,50.77], [77.86,53.27], [76.48,54.02], [76.84,54.44],
  [73.41,53.45], [73.71,54.04], [71.09,54.21], [70.74,55.31], [68.98,55.39], [65.09,54.34],
  [61.23,54.02], [60.98,53.62], [61.53,53.52], [61.20,53.29], [62.08,53.01], [61.05,52.97],
  [60.99,52.34], [60.03,51.93], [61.55,51.32], [60.94,50.70], [59.52,50.49], [57.84,51.09],
  [55.69,50.58], [54.64,51.01], [54.56,50.54], [53.34,51.48], [50.79,51.73], [48.63,50.61],
  [48.76,49.93], [47.43,50.36], [46.66,48.41], [47.29,47.74], [48.17,47.71], [48.96,46.77],
  [48.54,46.61], [49.25,46.29], [47.46,45.68], [46.72,44.56], [47.46,43.56], [47.65,43.88],
  [47.46,43.04], [48.57,41.84], [47.52,41.23], [45.66,42.52], [39.98,43.42], [36.65,45.13],
  [38.49,46.09], [37.77,46.64], [39.27,47.04], [38.20,47.32], [39.78,47.89], [40.08,49.58],
  [37.42,50.41], [35.59,50.37], [35.31,51.04], [34.21,51.26], [34.40,51.78], [33.74,52.34],
  [31.76,52.10], [31.26,53.02], [32.71,53.42], [30.80,54.78], [30.91,55.57], [28.28,56.06],
  [27.64,56.85], [27.43,58.79], [28.06,59.78], [30.17,59.96], [27.80,60.54], [31.54,62.92],
  [29.99,63.74], [30.53,64.08], [29.60,64.97], [30.09,65.79], [29.07,66.89], [29.99,67.67],
  [28.69,68.19], [28.77,68.84], [28.41,68.90], [31.98,69.95], [33.01,69.72], [32.09,69.63],
  [32.38,69.48], [33.45,69.43], [33.14,69.07], [35.86,69.19], [40.97,67.71], [41.19,66.83],
  [38.65,66.07], [31.90,67.16], [34.69,65.95], [34.41,65.40], [35.04,64.44], [37.44,63.81],
  [38.06,64.09], [36.58,64.79], [36.88,65.17], [39.76,64.58], [40.44,64.78], [39.82,65.60],
  [42.21,66.52], [44.10,66.01], [44.43,66.94], [43.78,67.25], [44.20,68.25], [43.33,68.67],
  [45.89,68.48], [46.69,67.85], [44.90,67.41], [46.49,66.80], [47.66,66.98], [47.87,67.58],
  [48.75,67.90], [52.40,68.35], [53.80,69.00], [54.49,68.99], [53.26,68.27], [59.06,69.01],
  [59.10,68.44], [59.73,68.35], [60.93,68.99], [60.17,69.59], [60.91,69.85], [64.19,69.53],
  [68.50,68.35], [69.14,68.95], [66.90,69.55], [67.28,70.74], [66.64,71.08], [68.27,71.68],
  [69.39,72.96], [71.50,72.91], [72.81,72.69], [71.87,71.46], [72.70,70.96], [72.58,68.97],
  [73.59,68.48], [71.37,66.96], [71.54,66.68], [69.01,66.79], [72.07,66.25], [74.77,67.77],
  [74.39,68.42], [75.12,68.86], [76.46,68.98], [77.24,68.47], [77.17,67.78], [78.92,67.59],
  [77.59,67.75], [78.00,68.26], [77.65,68.90], [73.78,69.20], [73.58,69.80], [74.34,70.58],
  [73.09,71.44], [74.99,72.14], [74.79,72.81], [75.60,72.58], [75.28,71.43], [75.73,71.27],
  [79.02,70.95], [76.03,71.91], [78.19,71.91], [77.41,72.11], [78.48,72.39], [83.11,71.72],
  [82.16,70.60], [83.01,70.90], [82.68,70.22], [83.08,70.09], [83.74,70.55], [83.15,71.10],
  [83.53,71.68], [80.83,72.49], [80.58,73.57], [86.89,73.89], [85.79,73.44], [86.68,73.11],
  [85.91,73.39], [87.57,73.81], [86.00,74.32], [87.23,74.36], [85.79,74.65], [87.47,75.01],
  [87.01,75.17], [94.16,75.96], [92.86,75.98], [93.26,76.10], [98.66,76.24], [99.77,76.03],
  [99.54,75.80], [99.83,76.14], [98.81,76.48], [101.60,76.44], [100.91,76.90], [104.18,77.73],
  [106.06,77.39], [104.20,77.10], [107.43,76.93], [106.41,76.51], [111.11,76.72], [113.87,75.86],
  [112.47,75.84], [113.73,75.45], [112.92,75.02], [105.14,72.78], [110.87,73.73], [109.67,73.80],
  [110.26,74.02], [113.03,73.91], [113.49,73.35], [113.13,72.83], [113.66,72.63], [113.22,72.81],
  [113.89,73.35], [113.51,73.50], [114.06,73.58], [118.45,73.59], [118.94,73.48], [118.43,73.25],
  [119.75,72.98], [122.54,72.88], [123.62,73.19], [123.42,73.64], [124.54,73.75], [129.10,73.11],
  [128.60,72.90], [129.25,72.71], [128.42,72.54], [129.28,72.09], [127.73,72.41], [131.16,70.74],
  [132.65,71.93], [133.69,71.43], [136.09,71.62], [137.94,71.13], [138.23,71.60], [139.98,71.49],
  [139.36,71.95], [140.19,72.19], [139.14,72.33], [141.08,72.59], [140.71,72.89], [144.30,72.64],
  [146.25,72.44], [144.29,72.19], [146.83,72.30], [145.08,71.71], [148.40,72.31], [150.02,71.90],
  [148.97,71.69], [150.67,71.46], [150.10,71.23], [151.15,71.37], [152.51,70.83], [159.35,70.79],
  [159.96,70.42], [159.83,69.78], [160.91,69.61], [161.34,68.91], [160.86,68.54], [162.38,69.65],
  [167.86,69.73], [169.61,68.79], [171.00,69.05], [170.16,69.63], [170.49,70.11], [175.92,69.90],
  [184.65,67.68], [185.15,67.35], [185.08,66.62], [185.93,66.23], [186.23,66.43], [185.45,67.09],
  [188.20,66.93], [190.27,66.06], [188.55,65.79], [188.83,65.50], [187.22,65.68], [187.79,65.05],
  [186.93,64.85], [187.62,64.43], [186.84,64.28], [184.56,64.82], [183.91,65.47], [181.59,65.50],
  [181.06,66.03], [181.47,66.40], [180.86,66.38], [180.22,66.02], [180.65,65.52], [179.45,64.82],
  [176.41,65.07], [177.22,64.86], [174.55,64.68], [176.06,64.90], [178.23,64.36], [178.47,63.57],
  [179.57,62.77], [179.12,62.32], [177.02,62.78], [172.86,61.47], [170.35,59.97], [169.23,60.60],
  [166.27,59.86], [166.35,60.48], [164.95,59.84], [163.74,60.03], [161.96,58.08], [163.23,57.79],
  [162.76,57.24], [163.34,56.23], [162.84,56.07], [163.04,56.52], [162.67,56.49], [162.08,56.09],
  [161.72,55.50], [162.11,54.75], [160.07,54.19], [160.03,53.13], [158.47,53.03], [158.10,51.81],
  [156.75,50.97], [155.56,55.20], [155.98,56.70], [156.85,57.29], [156.83,57.78], [158.28,58.01],
  [162.07,60.47], [163.71,60.92], [164.21,62.29], [165.40,62.49], [163.33,62.55], [163.09,61.57],
  [160.17,60.64], [160.38,61.03], [159.79,60.96], [160.31,61.89], [157.08,61.68], [154.29,59.83],
  [154.15,59.53], [155.16,59.19], [151.33,58.88], [152.26,59.22], [149.64,59.77], [148.73,59.26],
  [142.33,59.15], [135.21,54.84], [136.80,54.62], [136.80,53.78], [137.67,54.28], [137.34,54.10],
  [137.83,53.95], [137.25,53.55], [138.53,53.96], [138.45,53.54], [138.66,54.30], [139.71,54.28],
  [141.37,53.29], [140.84,53.09], [141.49,52.18], [140.52,50.80], [140.11,48.42], [135.13,43.53],
  [133.16,42.70], [131.94,43.30], [130.73,42.33],
]

const ISLANDS: [number, number][][] = [
  // kaliningrad
  [
  [20.96,55.28], [20.59,54.98], [21.19,54.94], [21.24,55.26], [21.39,55.28],
  [22.07,55.06], [22.57,55.06], [22.82,54.87], [22.68,54.56], [22.77,54.36],
  [19.60,54.46], [19.86,54.63], [19.97,54.92], [20.52,54.99], [20.90,55.29],
  ],
  // crimea
  [
  [33.59,46.10], [33.66,46.22], [33.81,46.21], [34.35,46.06], [34.45,45.97],
  [34.69,45.98], [34.80,45.79], [35.00,45.73], [35.46,45.32], [36.01,45.37],
  [36.17,45.45], [36.58,45.39], [36.39,45.07], [35.87,45.01], [35.68,45.10],
  [35.47,45.10], [35.09,44.80], [34.72,44.81], [34.47,44.72], [34.07,44.42],
  [33.76,44.40], [33.45,44.55], [33.61,44.91], [33.56,45.10], [32.92,45.35],
  [32.61,45.33], [32.51,45.40], [33.66,45.95], [33.64,46.03],
  ],
  // sakhalin
  [
  [142.76,54.39], [143.32,52.96], [143.19,51.94], [143.82,50.28], [144.71,48.64],
  [144.05,49.25], [143.10,49.20], [142.56,47.74], [143.22,46.79], [143.49,46.75],
  [143.58,46.36], [143.43,46.03], [143.28,46.56], [142.58,46.70], [142.08,45.92],
  [141.83,46.45], [142.04,47.14], [141.96,47.59], [142.18,48.01], [141.87,48.75],
  [142.14,49.57], [142.07,50.63], [142.21,51.22], [141.72,51.74], [141.66,52.27],
  [141.86,52.79], [141.82,53.34], [142.53,53.45], [142.71,53.90], [142.33,54.28],
  [142.69,54.42],
  ],
  // novazemlya
  [
  [67.77,76.24], [61.36,75.31], [59.67,74.61], [58.53,74.50], [58.62,74.23],
  [57.77,74.01], [57.76,73.77], [57.31,73.84], [57.54,73.66], [56.63,73.30],
  [54.30,73.35], [53.76,73.77], [54.64,73.96], [55.34,74.42], [56.14,74.50],
  [55.58,74.63], [56.50,74.96], [55.92,75.17], [56.57,75.10], [56.84,75.35],
  [57.61,75.34], [58.06,75.66], [60.94,76.07], [61.20,76.28], [64.46,76.38],
  [67.53,77.01], [68.91,76.76], [68.90,76.57], [68.17,76.28],
  ],
]
